Arrival Chickens Date,Death,Chickens,DeathPerc,Date of Laid,Eggs,Laied,Water,Feed,Date of Selling,# Eggs sold (First quality),# Eggs sold (Second quality),AvgTemp,MinTemp,MaxTemp,AvgHum,MinHum,MaxHum
6/20/2022,16,41105,0.0003572944,8/8/2022,4320,0.105096704,131,82,8/8/2022,,,25.6,20.3,31.8,62,42.3,85.5
6/20/2022,8,41097,0.0001786432,8/9/2022,2560,0.062291651,135,81,8/9/2022,,,26.2,19.9,31.8,45.8,37.7,63.2
6/20/2022,8,41089,0.0001786392,8/10/2022,1260,0.030665142,128,88,8/10/2022,,,25.5,19.4,31.9,40,28.2,63.2
6/20/2022,8,41081,0.0001786352,8/11/2022,3840,0.093473869,130,88,8/11/2022,,,25.8,18.7,32,41,24.4,68.5
6/20/2022,9,41072,0.0002009601,8/12/2022,2370,0.057703545,136,90,8/12/2022,5580,,22.2,17.1,29,63.7,34.4,88.8
6/20/2022,7,41065,0.0001562988,8/13/2022,1230,0.029952514,133,92,8/13/2022,,,23.5,16.2,30.2,48.6,27.1,78.2
6/20/2022,17,41048,0.0003795744,8/14/2022,1260,0.030695771,140,93,8/14/2022,,,25.2,15.8,33.2,45.9,23.2,77.8
6/20/2022,11,41037,0.0002456015,8/15/2022,3180,0.077491045,135,83,8/15/2022,,,25.9,19.8,32.8,50.4,33.6,83.3
6/20/2022,14,41023,0.0003125767,8/16/2022,2370,0.057772469,130,89,8/16/2022,,,24.7,17.1,31.8,60,40.6,89.6
6/20/2022,9,41014,0.0002009377,8/17/2022,3840,0.093626567,128,85,8/17/2022,6480,,24.8,18.5,31.6,63.5,38.5,85.1
6/20/2022,10,41004,0.0002232591,8/18/2022,3150,0.076821773,129,90,8/18/2022,,,21.1,19.1,24.7,83.8,64.2,97.1
6/20/2022,7,40997,0.0001562779,8/19/2022,5220,0.12732639,133,88,8/19/2022,,,20.9,17.8,26.1,88.4,65.2,99.3
6/20/2022,10,40987,0.0002232492,8/20/2022,3150,0.076853637,135,89,8/20/2022,,,24.9,18.1,32.8,59.4,32.8,85.8
6/20/2022,8,40979,0.0001785953,8/21/2022,3330,0.081261134,130,86,8/21/2022,,,25,17.5,32.7,51.1,31.5,85.6
6/20/2022,6,40973,0.0001339435,8/22/2022,4920,0.120079076,129,87,8/22/2022,,,25.5,18.4,32.6,48.5,28.5,81.4
6/20/2022,5,40968,0.0001116171,8/23/2022,7650,0.186731107,127,89,8/23/2022,17280,,23.7,15.9,31.3,53.4,33.8,74.1
6/20/2022,6,40962,0.0001339375,8/24/2022,4920,0.120111323,135,90,8/24/2022,,,23.8,16.1,31.1,59.3,39.2,87.8
6/20/2022,5,40957,0.0001116121,8/25/2022,5250,0.128183217,128,100,8/25/2022,,,25.5,17.8,32.9,57.9,37.9,83.6
6/20/2022,8,40949,0.0001785754,8/26/2022,5520,0.134801827,130,89,8/26/2022,,,26.7,20.7,33,60.5,41.9,82.6
6/20/2022,11,40938,0.0002455357,8/27/2022,6390,0.156089697,126,88,8/27/2022,,,20.4,17.6,22.9,82.4,64.4,96.9
6/20/2022,11,40927,0.0002455302,8/28/2022,7140,0.17445696,135,89,8/28/2022,,,23.2,16.9,30.4,70.5,45.6,94.6
6/20/2022,8,40919,0.0001785635,8/29/2022,3660,0.089445001,127,90,8/29/2022,34560,,24.6,18,31.6,66.9,49,90.4
6/20/2022,9,40910,0.0002008794,8/30/2022,4500,0.109997556,128,88,8/30/2022,,,24.4,18.9,30.8,68,49.3,91.1
6/20/2022,9,40901,0.0002008749,8/31/2022,8580,0.209774822,130,89,8/31/2022,,,23.4,19.4,28.7,71.6,56.6,90.3
6/20/2022,9,40892,0.0002008704,9/1/2022,9060,0.221559229,125,91,9/1/2022,24690,,22.6,18.7,28.4,64.8,45.4,87.7
6/20/2022,7,40885,0.0001562291,9/2/2022,10650,0.260486731,135,90,9/2/2022,,,21.9,16.8,28.9,54.8,36.3,76.3
6/20/2022,8,40877,0.0001785435,9/3/2022,10710,0.262005529,132,100,9/3/2022,,,21.8,15.8,27.8,61.5,42.8,79.5
6/20/2022,7,40870,0.0001562221,9/4/2022,12180,0.298018106,138,89,9/4/2022,,,23,16.4,30.7,69.3,48.3,89.6
6/20/2022,7,40863,0.0001562186,9/5/2022,13140,0.321562294,130,89,9/5/2022,,,23.8,17.3,31.5,64.6,45.4,86.7
6/20/2022,10,40853,0.0002231645,9/6/2022,13500,0.330453088,135,112,9/6/2022,58230,,24.6,17.5,33.1,62.1,41.7,86.9
6/20/2022,8,40845,0.0001785276,9/7/2022,15330,0.375321337,138,89,9/7/2022,,,24.7,19.4,30.7,65.2,51.4,76.2
6/20/2022,9,40836,0.0002008391,9/8/2022,15780,0.386423744,140,121,9/8/2022,29940,4200,23.4,18.4,30.6,68.4,49.9,84.7
6/20/2022,7,40829,0.0001562047,9/9/2022,17190,0.421024272,145,106,9/9/2022,,,21.9,17.5,28.4,72.5,44.5,94.1
6/20/2022,7,40822,0.0001562012,9/10/2022,17610,0.431385037,155,106,9/10/2022,,,20.9,15.4,29,67.3,43,91.8
6/20/2022,8,40814,0.0001785117,9/11/2022,18000,0.441025138,150,105,9/11/2022,,,21.3,15.7,28.6,66.7,38.9,90.6
6/20/2022,20,40794,0.0004462692,9/12/2022,19590,0.480217679,155,97,9/12/2022,,,20.8,14.1,28.4,63.5,44.8,83.4
6/20/2022,20,40774,0.0004462592,9/13/2022,22170,0.543728847,140,101,9/13/2022,91020,,21.8,15.2,30,68,45.4,89.7
6/20/2022,23,40751,0.0005131867,9/14/2022,21690,0.532256877,155,96,9/14/2022,,,22.7,17.4,30.1,76.1,49.1,92
6/20/2022,22,40729,0.0004908632,9/15/2022,22050,0.54138329,160,107,9/15/2022,42090,,22.3,17.1,31.5,73.9,46.5,95.9
6/20/2022,20,40709,0.0004462294,9/16/2022,22890,0.562283525,150,103,9/16/2022,,,23.2,16.1,31.4,69.6,45.6,93.2
6/20/2022,23,40686,0.0005131523,9/17/2022,23940,0.588408789,155,117,9/17/2022,,,15.5,10.6,19.8,77.1,62.7,90.4
6/20/2022,24,40662,0.0005354513,9/18/2022,23490,0.577689243,140,119,9/18/2022,,,16.6,9.9,25.6,54,25.2,93.2
6/20/2022,19,40643,0.0004238895,9/19/2022,24690,0.607484684,153,117,9/19/2022,91470,6480,17.1,9.1,26.3,52.8,25.3,80.7
6/20/2022,18,40625,0.0004015706,9/20/2022,24740,0.608984615,155,108,9/20/2022,24600,,16.3,9.6,24.2,54.3,32.5,71.1
6/20/2022,21,40604,0.0004684886,9/21/2022,25980,0.63983844,148,108,9/21/2022,,,15.7,9.5,22.5,52.9,33.5,73.5
6/20/2022,22,40582,0.0004907866,9/22/2022,26580,0.654970184,150,131,9/22/2022,50580,,14.6,8.4,23.8,57.3,34.2,77.7
6/20/2022,22,40560,0.0004907756,9/23/2022,27090,0.667899408,160,120,9/23/2022,,,15.1,7,23.3,59.1,33.2,87.5
6/20/2022,23,40537,0.0005130722,9/24/2022,27660,0.682339591,165,117,9/24/2022,,,15.4,12.2,18.7,72.3,62.4,93.2
6/20/2022,21,40516,0.0004684468,9/25/2022,28770,0.710089841,,,9/25/2022,,,16.7,13.6,21,81.6,60,95.4
6/20/2022,23,40493,0.0005130493,9/26/2022,27300,0.674190601,,,9/26/2022,,,16.7,11,24.4,70.3,42,95.4
6/20/2022,20,40473,0.0004461199,9/27/2022,30750,0.75976577,,,9/27/2022,136920,6480,17.3,12.7,24.2,78.8,52.5,97.4
6/20/2022,23,40450,0.0005130264,9/28/2022,29310,0.724598269,,,9/28/2022,28410,,15.6,10.5,22.4,74.3,50.6,92.3
6/20/2022,20,40430,0.0004461000,9/29/2022,29580,0.731634925,,,9/29/2022,28830,,16,10.4,24.4,82.9,60.1,94.8
6/20/2022,20,40410,0.0004460900,9/30/2022,30690,0.759465479,,,9/30/2022,29670,,14.8,11.7,17.4,91.1,74.5,99.3
6/20/2022,21,40389,0.0004683841,10/1/2022,30810,0.762831464,,,10/1/2022,,,16.4,12.5,21.6,80.2,55.7,99.3
6/20/2022,23,40366,0.0005129806,10/2/2022,30750,0.761779716,,,10/2/2022,,,17.4,10.6,25.6,74,50.6,95.3
6/20/2022,18,40348,0.0004014542,10/3/2022,31290,0.775503123,,,10/3/2022,90180,,18,12.5,25.4,75.8,44.4,96.4
6/20/2022,23,40325,0.0005129578,10/4/2022,31920,0.791568506,,,10/4/2022,,,17.5,12.8,24,74.7,55.1,92.2
6/20/2022,22,40303,0.0004906443,10/5/2022,31770,0.788278788,,,10/5/2022,61710,,17.5,11.7,24.4,79.1,60.8,94.9
6/20/2022,20,40283,0.0004460303,10/6/2022,31590,0.784201772,,,10/6/2022,,,17.1,11.4,25.7,79.7,54.7,97.7
6/20/2022,21,40262,0.0004683214,10/7/2022,32070,0.796532711,,,10/7/2022,61770,,18,11.8,27.2,71.7,37,96.5
6/20/2022,21,40241,0.0004683110,10/8/2022,31380,0.779801695,,,10/8/2022,,,18.1,11.1,26.1,68.3,38.7,95.3
6/20/2022,20,40221,0.0004460005,10/9/2022,32760,0.814499888,,,10/9/2022,,,19.2,15.2,24.1,64.9,48,83.1
6/20/2022,20,40201,0.0004459905,10/10/2022,32400,0.805950101,,,10/10/2022,,,18.5,13,24.2,61.6,38.7,84.4
6/20/2022,20,40181,0.0004459806,10/11/2022,32220,0.801871531,,,10/11/2022,125310,,16.6,11.6,24.6,71.8,44.7,92.9
6/20/2022,20,40161,0.0004459707,10/12/2022,32370,0.806005827,,,10/12/2022,,,16.5,10.6,24.7,70.7,39.1,93.7
6/20/2022,25,40136,0.0005574509,10/13/2022,31710,0.790063783,,,10/13/2022,62310,,16,9.6,24.4,72.2,42.9,93.7
6/20/2022,21,40115,0.0004682483,10/14/2022,32370,0.806930076,,,10/14/2022,31500,,15.9,9.2,23.2,76,50.3,95.7
6/20/2022,19,40096,0.0004236438,10/15/2022,32280,0.805067837,,,10/15/2022,,,17,11,24.1,79.8,56.6,94.3
6/20/2022,22,40074,0.0004905240,10/16/2022,32300,0.806008884,,,10/16/2022,,,17.9,12.8,24.8,76.8,52.2,92.3
6/20/2022,20,40054,0.0004459209,10/17/2022,32340,0.807409997,,,10/17/2022,94410,,16.5,11.4,24.7,79.8,51.5,97.7
6/20/2022,23,40031,0.0005127976,10/18/2022,31980,0.798880867,,,10/18/2022,,,17.1,12.2,25.7,73.1,46.5,94.4
6/20/2022,22,40009,0.0004904912,10/19/2022,32460,0.811317454,,,10/19/2022,62580,,16.3,9.3,25.6,75.7,44.7,96.5
6/20/2022,20,39989,0.0004458911,10/20/2022,32250,0.80647178,,,10/20/2022,31380,,16.9,11.7,24.1,76.2,48,93.5
6/20/2022,21,39968,0.0004681752,10/21/2022,32310,0.808396717,,,10/21/2022,31680,,16.9,14.7,19.1,78.4,71.5,86.3
6/20/2022,24,39944,0.0005350455,10/22/2022,31980,0.800620869,,,10/22/2022,,,18.6,14.3,24.2,79.4,68.6,90.6
6/20/2022,21,39923,0.0004681544,10/23/2022,32040,0.802544899,,,10/23/2022,,,17.5,12.6,24.5,77.3,52.4,94.1
6/20/2022,23,39900,0.0005127291,10/24/2022,31800,0.796992481,,,10/24/2022,93270,,17.6,12.1,24.4,80.9,61,96.5
6/20/2022,22,39878,0.0004904256,10/25/2022,32520,0.815487236,,,10/25/2022,,,18.3,14.8,24.1,77.9,55.1,94.5
6/20/2022,21,39857,0.0004681230,10/26/2022,31530,0.791078104,,,10/26/2022,61800,,17.8,12.8,25.2,80.8,49.6,97.2
6/20/2022,25,39832,0.0005572769,10/27/2022,32610,0.818688492,,,10/27/2022,31980,,16.4,11.2,25,76.3,42.2,96.1
6/20/2022,22,39810,0.0004903928,10/28/2022,31020,0.779201206,,,10/28/2022,30360,,15.6,9.3,24.2,72.8,36.7,95
6/20/2022,24,39786,0.0005349620,10/29/2022,32060,0.805811089,,,10/29/2022,,,15.9,9.8,25.7,69.4,37.2,94
6/20/2022,22,39764,0.0004903709,10/30/2022,31650,0.795946082,,,10/30/2022,,,15.9,10,25.7,67.8,39.4,90.8
6/20/2022,23,39741,0.0005126491,10/31/2022,31890,0.802445837,,,10/31/2022,,,15.5,9.8,26.2,70.9,36.1,93.5
6/20/2022,21,39720,0.0004680604,11/1/2022,31290,0.78776435,,,11/1/2022,,,13.4,7.7,20.2,83.4,60.2,94.9
6/20/2022,20,39700,0.0004457619,11/2/2022,30960,0.779848866,,,11/2/2022,,,13.1,10.8,15.7,89.9,75.6,97.2
6/20/2022,20,39680,0.0004457520,11/3/2022,30810,0.776461694,,,11/3/2022,,,14.9,12.8,18,91.2,68.2,99.3
6/20/2022,23,39657,0.0005126034,11/4/2022,31530,0.795067706,,,11/4/2022,,,13.5,7.5,18.1,76.7,48.2,99.4
6/20/2022,21,39636,0.0004680187,11/5/2022,30720,0.775052982,,,11/5/2022,,,12.7,6.4,20.1,42.4,22,72.7
6/20/2022,20,39616,0.0004457222,11/6/2022,30300,0.764842488,,,11/6/2022,,,9.3,3,18.5,62.9,32.4,91.8
6/20/2022,20,39596,0.0004457122,11/7/2022,30480,0.769774725,,,11/7/2022,,,9.4,3.3,18.3,73.2,38.8,93.9
6/20/2022,20,39576,0.0004457023,11/8/2022,30090,0.760309278,,,11/8/2022,,,10.7,5.3,17.6,77,48.5,91.4
6/20/2022,21,39555,0.0004679770,11/9/2022,29850,0.75464543,,,11/9/2022,,,12,10.6,14.3,85.5,75.7,98
6/20/2022,21,39534,0.0004679666,11/10/2022,28860,0.730004553,,,11/10/2022,,,12.6,9,15.9,94.9,77.7,99.4
6/20/2022,19,39515,0.0004233889,11/11/2022,29160,0.737947615,,,11/11/2022,,,11.4,7.5,17.5,85.7,48,99.4
6/20/2022,23,39492,0.0005125120,11/12/2022,28920,0.732300213,,,11/12/2022,,,9.5,6.8,13.3,80.1,59.3,99.3
6/20/2022,22,39470,0.0004902179,11/13/2022,28770,0.728908031,,,11/13/2022,,,11.4,7.4,16,65.4,39.5,94.9
6/20/2022,22,39448,0.0004902070,11/14/2022,29160,0.739200973,,,11/14/2022,,,10.7,7,15.6,88,64.1,97.7
6/20/2022,18,39430,0.0004010695,11/15/2022,28560,0.724321583,,,11/15/2022,,,8.3,6,9.8,97,95.3,99.3
6/20/2022,21,39409,0.0004679040,11/16/2022,28800,0.730797534,,,11/16/2022,,,9.9,7.6,12.2,97.7,91,99.4
6/20/2022,19,39390,0.0004233323,11/17/2022,28680,0.72810358,,,11/17/2022,,,,,,,,
6/20/2022,21,39369,0.0004678832,11/18/2022,28200,0.716299627,,,11/18/2022,,,,,,,,
6/20/2022,19,39350,0.0004233134,11/19/2022,28530,0.725031766,,,11/19/2022,,,,,,,,
6/20/2022,21,39329,0.0004678623,11/20/2022,28020,0.712451372,,,11/20/2022,,,,,,,,
6/20/2022,15,39314,0.0003341799,11/21/2022,28050,0.71348629,,,11/21/2022,,,,,,,,
6/20/2022,22,39292,0.0004901196,11/22/2022,28260,0.719230378,,,11/22/2022,,,,,,,,
6/20/2022,20,39272,0.0004455534,11/23/2022,28440,0.724180077,,,11/23/2022,,,,,,,,
6/20/2022,19,39253,0.0004232663,11/24/2022,28320,0.721473518,,,11/24/2022,,,,,,,,
6/20/2022,24,39229,0.0005346402,11/25/2022,28440,0.724973871,,,11/25/2022,,,,,,,,
6/20/2022,23,39206,0.0005123521,11/26/2022,28710,0.732285875,,,11/26/2022,,,,,,,,
6/20/2022,19,39187,0.0004232380,11/27/2022,28800,0.734937607,,,11/27/2022,,,,,,,,
